Cleaning schedule sweep through the Park surface check
====================================================================
The grid is fixed by the sourced bounds in cleaning_schedule_sweep_spec.md.
Only cabin and public schedules affect this Park gradient: 81 cells (3x3x3x3).

cabin coverage: (0.336, 0.46799999999999997, 0.6)
cabin events/day (geometric): (0.33, 0.5744562646538028, 1.0)
public coverage: (0.292, 0.373, 0.454)
public events/day (geometric): (1.0, 3.4641016151377544, 12.0)

cabin cov | cabin/day | public cov | public/day | cabin x | public x | cabin copies/swab | public copies/swab | gradient
------------------------------------------------------------------------------------------------------------------------------------------------------
    0.336 |     0.3300 |      0.292 |     1.0000 |  0.86542 |  0.96529 |            4820.9 |            371.524 | 12.97601x
    0.336 |     0.3300 |      0.292 |     3.4641 |  0.86542 |  0.89119 |            4820.9 |            343.004 | 14.05494x
    0.336 |     0.3300 |      0.292 |    12.0000 |  0.86542 |  0.79217 |            4820.9 |            304.892 | 15.81183x
    0.336 |     0.3300 |      0.373 |     1.0000 |  0.86542 |  0.95567 |            4820.9 |            367.819 | 13.10673x
    0.336 |     0.3300 |      0.373 |     3.4641 |  0.86542 |  0.86101 |            4820.9 |            331.387 | 14.54764x
    0.336 |     0.3300 |      0.373 |    12.0000 |  0.86542 |  0.73452 |            4820.9 |            282.703 | 17.05289x
    0.336 |     0.3300 |      0.454 |     1.0000 |  0.86542 |  0.94604 |            4820.9 |            364.113 | 13.24012x
    0.336 |     0.3300 |      0.454 |     3.4641 |  0.86542 |  0.83083 |            4820.9 |             319.77 | 15.07613x
    0.336 |     0.3300 |      0.454 |    12.0000 |  0.86542 |  0.67687 |            4820.9 |            260.514 | 18.50535x
    0.336 |     0.5745 |      0.292 |     1.0000 |  0.81144 |  0.96529 |           4520.18 |            371.524 | 12.16658x
    0.336 |     0.5745 |      0.292 |     3.4641 |  0.81144 |  0.89119 |           4520.18 |            343.004 | 13.17820x
    0.336 |     0.5745 |      0.292 |    12.0000 |  0.81144 |  0.79217 |           4520.18 |            304.892 | 14.82550x
    0.336 |     0.5745 |      0.373 |     1.0000 |  0.81144 |  0.95567 |           4520.18 |            367.819 | 12.28915x
    0.336 |     0.5745 |      0.373 |     3.4641 |  0.81144 |  0.86101 |           4520.18 |            331.387 | 13.64017x
    0.336 |     0.5745 |      0.373 |    12.0000 |  0.81144 |  0.73452 |           4520.18 |            282.703 | 15.98914x
    0.336 |     0.5745 |      0.454 |     1.0000 |  0.81144 |  0.94604 |           4520.18 |            364.113 | 12.41421x
    0.336 |     0.5745 |      0.454 |     3.4641 |  0.81144 |  0.83083 |           4520.18 |             319.77 | 14.13570x
    0.336 |     0.5745 |      0.454 |    12.0000 |  0.81144 |  0.67687 |           4520.18 |            260.514 | 17.35100x
    0.336 |     1.0000 |      0.292 |     1.0000 |  0.76357 |  0.96529 |           4253.52 |            371.524 | 11.44884x
    0.336 |     1.0000 |      0.292 |     3.4641 |  0.76357 |  0.89119 |           4253.52 |            343.004 | 12.40079x
    0.336 |     1.0000 |      0.292 |    12.0000 |  0.76357 |  0.79217 |           4253.52 |            304.892 | 13.95091x
    0.336 |     1.0000 |      0.373 |     1.0000 |  0.76357 |  0.95567 |           4253.52 |            367.819 | 11.56418x
    0.336 |     1.0000 |      0.373 |     3.4641 |  0.76357 |  0.86101 |           4253.52 |            331.387 | 12.83550x
    0.336 |     1.0000 |      0.373 |    12.0000 |  0.76357 |  0.73452 |           4253.52 |            282.703 | 15.04591x
    0.336 |     1.0000 |      0.454 |     1.0000 |  0.76357 |  0.94604 |           4253.52 |            364.113 | 11.68187x
    0.336 |     1.0000 |      0.454 |     3.4641 |  0.76357 |  0.83083 |           4253.52 |             319.77 | 13.30180x
    0.336 |     1.0000 |      0.454 |    12.0000 |  0.76357 |  0.67687 |           4253.52 |            260.514 | 16.32743x
    0.468 |     0.3300 |      0.292 |     1.0000 |  0.81255 |  0.96529 |           4526.39 |            371.524 | 12.18330x
    0.468 |     0.3300 |      0.292 |     3.4641 |  0.81255 |  0.89119 |           4526.39 |            343.004 | 13.19631x
    0.468 |     0.3300 |      0.292 |    12.0000 |  0.81255 |  0.79217 |           4526.39 |            304.892 | 14.84588x
    0.468 |     0.3300 |      0.373 |     1.0000 |  0.81255 |  0.95567 |           4526.39 |            367.819 | 12.30604x
    0.468 |     0.3300 |      0.373 |     3.4641 |  0.81255 |  0.86101 |           4526.39 |            331.387 | 13.65891x
    0.468 |     0.3300 |      0.373 |    12.0000 |  0.81255 |  0.73452 |           4526.39 |            282.703 | 16.01112x
    0.468 |     0.3300 |      0.454 |     1.0000 |  0.81255 |  0.94604 |           4526.39 |            364.113 | 12.43127x
    0.468 |     0.3300 |      0.454 |     3.4641 |  0.81255 |  0.83083 |           4526.39 |             319.77 | 14.15512x
    0.468 |     0.3300 |      0.454 |    12.0000 |  0.81255 |  0.67687 |           4526.39 |            260.514 | 17.37485x
    0.468 |     0.5745 |      0.292 |     1.0000 |  0.73736 |  0.96529 |           4107.53 |            371.524 | 11.05588x
    0.468 |     0.5745 |      0.292 |     3.4641 |  0.73736 |  0.89119 |           4107.53 |            343.004 | 11.97515x
    0.468 |     0.5745 |      0.292 |    12.0000 |  0.73736 |  0.79217 |           4107.53 |            304.892 | 13.47206x
    0.468 |     0.5745 |      0.373 |     1.0000 |  0.73736 |  0.95567 |           4107.53 |            367.819 | 11.16725x
    0.468 |     0.5745 |      0.373 |     3.4641 |  0.73736 |  0.86101 |           4107.53 |            331.387 | 12.39494x
    0.468 |     0.5745 |      0.373 |    12.0000 |  0.73736 |  0.73452 |           4107.53 |            282.703 | 14.52947x
    0.468 |     0.5745 |      0.454 |     1.0000 |  0.73736 |  0.94604 |           4107.53 |            364.113 | 11.28090x
    0.468 |     0.5745 |      0.454 |     3.4641 |  0.73736 |  0.83083 |           4107.53 |             319.77 | 12.84523x
    0.468 |     0.5745 |      0.454 |    12.0000 |  0.73736 |  0.67687 |           4107.53 |            260.514 | 15.76701x
    0.468 |     1.0000 |      0.292 |     1.0000 |  0.67069 |  0.96529 |           3736.11 |            371.524 | 10.05617x
    0.468 |     1.0000 |      0.292 |     3.4641 |  0.67069 |  0.89119 |           3736.11 |            343.004 | 10.89232x
    0.468 |     1.0000 |      0.292 |    12.0000 |  0.67069 |  0.79217 |           3736.11 |            304.892 | 12.25389x
    0.468 |     1.0000 |      0.373 |     1.0000 |  0.67069 |  0.95567 |           3736.11 |            367.819 | 10.15748x
    0.468 |     1.0000 |      0.373 |     3.4641 |  0.67069 |  0.86101 |           3736.11 |            331.387 | 11.27416x
    0.468 |     1.0000 |      0.373 |    12.0000 |  0.67069 |  0.73452 |           3736.11 |            282.703 | 13.21568x
    0.468 |     1.0000 |      0.454 |     1.0000 |  0.67069 |  0.94604 |           3736.11 |            364.113 | 10.26085x
    0.468 |     1.0000 |      0.454 |     3.4641 |  0.67069 |  0.83083 |           3736.11 |             319.77 | 11.68373x
    0.468 |     1.0000 |      0.454 |    12.0000 |  0.67069 |  0.67687 |           3736.11 |            260.514 | 14.34131x
    0.600 |     0.3300 |      0.292 |     1.0000 |  0.75969 |  0.96529 |           4231.88 |            371.524 | 11.39059x
    0.600 |     0.3300 |      0.292 |     3.4641 |  0.75969 |  0.89119 |           4231.88 |            343.004 | 12.33769x
    0.600 |     0.3300 |      0.292 |    12.0000 |  0.75969 |  0.79217 |           4231.88 |            304.892 | 13.87993x
    0.600 |     0.3300 |      0.373 |     1.0000 |  0.75969 |  0.95567 |           4231.88 |            367.819 | 11.50534x
    0.600 |     0.3300 |      0.373 |     3.4641 |  0.75969 |  0.86101 |           4231.88 |            331.387 | 12.77019x
    0.600 |     0.3300 |      0.373 |    12.0000 |  0.75969 |  0.73452 |           4231.88 |            282.703 | 14.96935x
    0.600 |     0.3300 |      0.454 |     1.0000 |  0.75969 |  0.94604 |           4231.88 |            364.113 | 11.62242x
    0.600 |     0.3300 |      0.454 |     3.4641 |  0.75969 |  0.83083 |           4231.88 |             319.77 | 13.23412x
    0.600 |     0.3300 |      0.454 |    12.0000 |  0.75969 |  0.67687 |           4231.88 |            260.514 | 16.24435x
    0.600 |     0.5745 |      0.292 |     1.0000 |  0.66328 |  0.96529 |           3694.87 |            371.524 |  9.94517x
    0.600 |     0.5745 |      0.292 |     3.4641 |  0.66328 |  0.89119 |           3694.87 |            343.004 | 10.77209x
    0.600 |     0.5745 |      0.292 |    12.0000 |  0.66328 |  0.79217 |           3694.87 |            304.892 | 12.11863x
    0.600 |     0.5745 |      0.373 |     1.0000 |  0.66328 |  0.95567 |           3694.87 |            367.819 | 10.04536x
    0.600 |     0.5745 |      0.373 |     3.4641 |  0.66328 |  0.86101 |           3694.87 |            331.387 | 11.14971x
    0.600 |     0.5745 |      0.373 |    12.0000 |  0.66328 |  0.73452 |           3694.87 |            282.703 | 13.06980x
    0.600 |     0.5745 |      0.454 |     1.0000 |  0.66328 |  0.94604 |           3694.87 |            364.113 | 10.14759x
    0.600 |     0.5745 |      0.454 |     3.4641 |  0.66328 |  0.83083 |           3694.87 |             319.77 | 11.55476x
    0.600 |     0.5745 |      0.454 |    12.0000 |  0.66328 |  0.67687 |           3694.87 |            260.514 | 14.18301x
    0.600 |     1.0000 |      0.292 |     1.0000 |  0.57780 |  0.96529 |            3218.7 |            371.524 |  8.66350x
    0.600 |     1.0000 |      0.292 |     3.4641 |  0.57780 |  0.89119 |            3218.7 |            343.004 |  9.38386x
    0.600 |     1.0000 |      0.292 |    12.0000 |  0.57780 |  0.79217 |            3218.7 |            304.892 | 10.55686x
    0.600 |     1.0000 |      0.373 |     1.0000 |  0.57780 |  0.95567 |            3218.7 |            367.819 |  8.75078x
    0.600 |     1.0000 |      0.373 |     3.4641 |  0.57780 |  0.86101 |            3218.7 |            331.387 |  9.71281x
    0.600 |     1.0000 |      0.373 |    12.0000 |  0.57780 |  0.73452 |            3218.7 |            282.703 | 11.38545x
    0.600 |     1.0000 |      0.454 |     1.0000 |  0.57780 |  0.94604 |            3218.7 |            364.113 |  8.83984x
    0.600 |     1.0000 |      0.454 |     3.4641 |  0.57780 |  0.83083 |            3218.7 |             319.77 | 10.06566x
    0.600 |     1.0000 |      0.454 |    12.0000 |  0.57780 |  0.67687 |            3218.7 |            260.514 | 12.35520x

Hand-only envelope over the sourced box:
  Park already shows this channel is unreachable at any occupancy.
  minimum gradient: 8.6635x
  maximum gradient: 18.5054x
  uniform shipped default gradient: 11.1977x
  maximum/default leverage: 1.65261x upward
  default shortfall from Park's 100x lower bound: 8.93043x

Emesis-inclusive envelope by unmeasured cabin-localization f:
f is a separate behavioural axis, not part of the schedule grid.
       f | min gradient | max gradient | cells in Park 100-300x | uniform default
------------------------------------------------------------------------------
    0.50 |      3.01078 |      6.43105 |                      0 |         3.89146x
    0.80 |      10.8563 |      23.1892 |                      0 |         14.0319x
    0.95 |      39.5985 |       84.583 |                      0 |         51.1815x
    0.99 |      94.0539 |        200.9 |                     78 |         121.566x
    1.00 |      139.893 |      298.813 |                     81 |         180.813x
Rule 3: the best-fitting cell is not read back into the model.
The sweep selects nothing; no cell becomes a parameter value.
The f-axis is also unmeasured and must not be read from Park.
